Function Value(for imperialist of the most powerful empire)
at in each iteration: 
5.814359952771342
4.016246360145886
1.7020990406335845
1.6985830375674784
0.9397167821491317
0.9389475187076338
0.9386574617655923
0.861723824813659
0.5490006236074332
0.5482358343883653
0.5475308592950621
0.4394853311212774
0.2173618912989081
0.06434566676214748
0.06456630203489526
0.053943536932102354
0.05373639578307868
0.051687173285888774
0.05176532801831464
0.05058607697846219
0.017045829450930736
0.016918759130673797
0.016440234720014404
0.016283092652035033
0.009267727485599266
0.009234645024271668
0.009194721675330413
0.009175438250829218
0.009168004281886109
0.008804988669999965
0.008802765326248622
0.008653127109210812
0.008577713194442749
0.00817843722606892
0.008174363831894356
0.0038559513186728457
0.0038549647356071796
0.003854194625407036
0.0016761187828805521
0.0016742282076379624
0.0014051122881608544
0.0010288749149613774
0.0008080372116479123
0.0008096105859639775
0.0008113487409712788
0.0008056965087705557
0.0007128258851691381
0.0007093228028357222
0.0005816390650906986
0.0004937654125953437
0.0004936485291252016
0.0004934095958802372
0.0004935428765612794
0.00047994932399366704
0.0004795146461916693
0.00046116906922188386
0.0004610504714599026
0.00025274199098429024
0.0002429343852151031
0.00022501597611309493
0.00021751113428772003
0.0001877937389310415
0.00018065566190675504
0.0001671769642129843
0.00012022627580752024
0.00012003091743141221
0.00011930340850946518
0.0001191046208426449
0.00010905876736826298
0.00010667390075291503
0.00010432302127440663
9.80186213954351e-05
9.785017090190856e-05
9.67800238136704e-05
8.218896192062309e-05
8.203015198241333e-05
8.201497231829091e-05
8.188819260223924e-05
8.187892841684822e-05
7.703411757594384e-05
6.979117743583267e-05
6.974386027481816e-05
6.29049424776571e-05
5.938732725043984e-05
5.538407021018389e-05
4.084186693893206e-05
3.661566265959283e-05
3.157346845538176e-05
3.0246265270851463e-05
2.4499981215109154e-05
2.3253642303182252e-05
2.2574351077753936e-05
2.2545176223503392e-05
1.3166714214055462e-05
1.3163685505801711e-05
1.2842195782580908e-05
1.2216017202734001e-05
1.22078659588514e-05
9.659197454231944e-06
9.66048950037856e-06
9.66048950037856e-06
